#

7 atoms
6 bonds
12 angles

Coords

1         -1.09366       -0.25664        0.05194
2          0.58805        0.09408        0.03606
3         -1.13646       -0.12622       -1.66053
4         -1.05074       -0.38703        1.76433
5         -2.77532       -0.60723        0.06781
6         -1.44153        1.42024        0.18780
7         -0.74580       -1.93344       -0.08404

Types

1	14
2	13
3	13
4	13
5	13
6	13
7	13

Charges

1	    1.919856
2	    -0.486705
3	    -0.486384
4	    -0.486245
5	    -0.486723
6	    -0.486864
7	    -0.486935

Bonds

1 8 1 3
2 8 1 5
3 8 1 7
4 8 1 2
5 8 1 6
6 8 1 4

Angles

1  4 2 1 6    
2  4 2 1 3
3  4 2 1 4
4  4 2 1 7
5  4 3 1 5
6  4 3 1 6
7  4 3 1 7
8  4 5 1 4
9  4 5 1 6
10 4 5 1 7
11 4 4 1 6
12 4 4 1 7



